0 3 5 1 100 100 100 100 100 100 100 100
100 0 100 100 2 4 100 100 100 100 100 100
100 100 0 100 6 100 5  100 100 100 100 100
100 100 100 0 100 7 4 100 100 100 1 100
100 100 100 100 0 100 100 3 9 8 1 100
100 100 100 100 100 0 100 3 4 6 100 100
100 100 100 100 100 100 0 1 5 7 9 100
100 100 100 100 100 100 100 0 100 100 100 5
100 100 100 100 100 100 100 100 0 100 100 4
100 100 100 100 100 100 100 100 100 0 100 1
100 100 100 100 100 100 100 100 100 100 0 2
100 100 100 100 100 100 100 100 100 100 100 0